736784454: 298512717,626964065,477364925,486320989,390663493
424914818: 529984739,975626482,464653455
298512717: 54034057,978921256,736784454
626964065: 484890891,587080821,736784454
477364925: 697227119,897347910,535818099
486320989: 684167909,243574339,452146720,637610425,895395439,736784454
390663493: 870368129,478109040
529984739: 180116179,739418433,448976147,901146131,424914818
975626482: 328602776,534833661,424914818
464653455: 726342412,868131999,98408173,609753892,923434743,424914818
54034057: 69796672,680210298,42102452,736784454
978921256: 663070478,278551738,672579479
484890891: 36570564,581408751,736784454
587080821: 956935248,684822375,114653503,685589348,736784454
697227119: 334270115,987978011,844733201,370153342
897347910: 234274760,217124063,935095486,102084226
535818099: 744368673,769393530
684167909: 938258600,487143933
243574339: 389102055,434102852,285072937,736784454
452146720: 193770086,187955013,933381639
637610425: 632006535,61239053,446546062
895395439: 945491250,655784436,132603658,478519981,342941598
870368129: 421115275,653897334,82586096
478109040: 74025185,375639556,981833619,912883751
180116179: 209164948,228732150,424914818
739418433: 34061724,300212162,770038048,314836364,32254084,424914818
448976147: 950852664,319927588,425135142
901146131: 925627631,226626902,520355123
328602776: 805540501,398556638,348235322,424914818
534833661: 420387580,806455478,424914818
726342412: 216763233,136464227,459662068,246233662
868131999: 527909018,407275794
98408173: 406854421,430160418,19729944,669916741,560452262
609753892: 56095003,617756208,158442123,486008083,84075264
923434743: 319353812,559904569,424914818
